pextant/backend_app/models/tutorial.txt
ncols         295
nrows         256
xllcorner     0
yllcorner     0
cellsize      1.000
NODATA_value  0
[rows 25 to 49 of 222, columns 114 to 170 of 295]
-1075.7644 -1075.7859 -1075.8602 -1075.9510 -1076.0493 -1076.1387 -1076.2440 -1076.3417 -1076.4260 -1076.5168 -1076.6041 -1076.6705 -1076.7227 -1076.7477 -1076.7524 -1076.7468 -1076.7450 -1076.7440 -1076.7506 -1076.7511 -1076.7434 -1076.7339 -1076.7157 -1076.6918 -1076.6655 -1076.6415 -1076.6230 -1076.6173 -1076.6150 -1076.6116 -1076.5947 -1076.5850 -1076.5408 -1076.5144 -1076.5017 -1076.5157 -1076.5370 -1076.5630 -1076.6168 -1076.7245 -1076.8512 -1076.9740 -1077.0577 -1077.1278 -1077.1976 -1077.2950 -1077.4064 -1077.5421 -1077.6321 -1077.7463 -1077.8442 -1077.9646 -1078.1262 -1078.2739 -1078.4197 -1078.5641 -1078.6998
-1076.7250 -1076.8596 -1076.9604 -1077.0569 -1077.1224 -1077.1881 -1077.2814 -1077.3956 -1077.5397 -1077.6084 -1077.7402 -1077.8257 -1077.9318 -1078.0719 -1078.2009 -1078.3456 -1078.4819 -1078.6187 -1078.7249 -1078.8254 -1078.9098 -1078.9816 -1079.0581 -1079.1497 -1079.2384 -1079.3311 -1079.4490 -1079.5566 -1079.6564 -1079.7671 -1079.8687 -1079.9868 -1080.1169 -1080.2544 -1080.3850 -1080.5085 -1080.6528 -1080.7961 -1080.9335 -1081.0834 -1081.2312 -1081.3700 -1081.5096 -1081.6638 -1081.8317 -1081.9871 -1082.1372 -1082.2631 -1082.3066 -1082.3895 -1082.4512 -1082.4945 -1082.5234 -1082.5809 -1082.6542 -1082.7351 -1082.8026
-1081.0791 -1081.2272 -1081.3514 -1081.4786 -1081.6127 -1081.7587 -1081.9062 -1082.0504 -1082.1725 -1082.2317 -1082.3049 -1082.3694 -1082.4092 -1082.4219 -1082.4563 -1082.5105 -1082.5861 -1082.6566 -1082.7390 -1082.8163 -1082.9077 -1082.9917 -1083.0820 -1083.1924 -1083.2896 -1083.3738 -1083.4451 -1083.5098 -1083.5548 -1083.6089 -1083.6550 -1083.7103 -1083.7448 -1083.7728 -1083.7806 -1083.7783 -1083.7554 -1083.7396 -1083.7463 -1083.7603 -1083.7782 -1083.7809 -1083.7510 -1083.6827 -1083.6199 -1083.5411 -1083.4634 -1083.4005 -1083.3384 -1083.2697 -1083.2043 -1083.1411 -1083.0702 -1083.0043 -1082.9434 -1082.8716 -1082.7904
-1083.6237 -1083.6259 -1083.6196 -1083.5829 -1083.5310 -1083.4668 -1083.4076 -1083.3422 -1083.2900 -1083.2345 -1083.1685 -1083.1050 -1083.0366 -1082.9509 -1082.8658 -1082.7892 -1082.7092 -1082.6321 -1082.5698 -1082.5106 -1082.4674 -1082.4326 -1082.3755 -1082.3240 -1082.2753 -1082.2114 -1082.1395 -1082.0692 -1082.0054 -1081.9398 -1081.8911 -1081.8617 -1081.8511 -1081.8438 -1081.8448 -1081.8474 -1081.8517 -1081.8555 -1081.8643 -1081.9152 -1082.0116 -1082.1212 -1082.1906 -1082.1906 -1082.1549 -1082.1086 -1082.0496 -1081.9784 -1081.9106 -1081.8337 -1081.7515 -1081.6620 -1081.5587 -1081.4674 -1081.3927 -1081.3318 -1081.2808
-1081.7432 -1081.8081 -1081.8623 -1081.8888 -1081.8882 -1081.8512 -1081.7917 -1081.7286 -1081.6636 -1081.6219 -1081.5664 -1081.5181 -1081.4613 -1081.3829 -1081.2924 -1081.2179 -1081.1642 -1081.1328 -1081.1243 -1081.1036 -1081.0779 -1081.0480 -1081.0062 -1080.9441 -1080.8470 -1080.7277 -1080.5795 -1080.4277 -1080.2990 -1080.1934 -1080.1096 -1080.0570 -1080.0079 -1079.9471 -1079.8748 -1074.3835 -1074.4469 -1074.5549 -1074.7072 -1074.8907 -1075.0735 -1075.2628 -1075.4487 -1075.6448 -1075.8591 -1076.1017 -1076.3506 -1076.6003 -1076.8425 -1077.0992 -1077.3394 -1077.5815 -1077.8243 -1078.0603 -1078.2805 -1078.5077 -1078.7074
-1074.9305 -1075.1245 -1075.3267 -1075.5219 -1075.7241 -1075.9384 -1076.1805 -1076.4388 -1076.7041 -1076.9678 -1077.2299 -1077.4788 -1077.7277 -1077.9703 -1078.2078 -1078.4398 -1078.6686 -1078.8837 -1079.0822 -1079.2720 -1079.4371 -1079.5916 -1079.7271 -1079.8412 -1079.9119 -1079.9846 -1080.0419 -1080.0898 -1080.1056 -1080.0603 -1079.9408 -1079.7942 -1079.6130 -1079.4233 -1079.1869 -1078.9482 -1078.6843 -1078.3867 -1078.0913 -1077.8361 -1077.5991 -1077.3817 -1077.1959 -1077.0371 -1076.8964 -1076.7705 -1076.6567 -1076.5602 -1076.4764 -1076.4004 -1076.2534 -1076.1221 -1075.9971 -1075.9050 -1075.8210 -1075.7476 -1075.7157
-1077.9492 -1077.7094 -1077.4911 -1077.2970 -1077.1182 -1076.9550 -1076.8065 -1076.6669 -1076.5430 -1076.4326 -1076.3295 -1076.2297 -1076.0997 -1075.9905 -1075.9020 -1075.8234 -1075.7517 -1075.7050 -1075.6107 -1075.5305 -1075.4780 -1075.4626 -1075.4845 -1075.5444 -1075.6359 -1075.7422 -1075.8641 -1075.9965 -1076.1267 -1076.2524 -1076.3679 -1076.4714 -1076.5720 -1076.6705 -1076.7627 -1076.8438 -1076.9124 -1076.9640 -1077.0000 -1077.0231 -1077.0413 -1077.0529 -1077.0558 -1077.0448 -1077.0219 -1076.9910 -1076.9497 -1076.9016 -1076.8513 -1076.7991 -1076.7542 -1076.7178 -1076.6930 -1076.6737 -1076.6643 -1076.6545 -1076.6499
-1077.1090 -1077.1187 -1077.1301 -1077.1398 -1077.1301 -1077.1141 -1077.0747 -1077.0308 -1076.9943 -1076.9365 -1076.8752 -1076.8197 -1076.7737 -1076.7474 -1076.7303 -1076.7194 -1076.7074 -1076.6951 -1076.6998 -1076.7175 -1076.7448 -1076.7716 -1076.8015 -1076.8281 -1076.9033 -1076.9818 -1077.0532 -1077.1168 -1077.1826 -1077.2433 -1077.2993 -1077.3408 -1077.3971 -1077.4612 -1077.5702 -1077.6798 -1077.7648 -1077.8507 -1077.9421 -1078.0427 -1078.1519 -1078.2375 -1078.3210 -1078.4182 -1078.5436 -1078.6704 -1078.7726 -1078.8658 -1078.9825 -1079.1334 -1079.3102 -1079.4764 -1079.6407 -1079.7933 -1079.9594 -1080.1287 -1080.2925
-1077.9958 -1078.1259 -1078.2058 -1078.2727 -1078.3572 -1078.4982 -1078.6411 -1078.7332 -1078.8004 -1078.9050 -1079.0641 -1079.2642 -1079.4379 -1079.6079 -1079.7574 -1079.9343 -1080.1082 -1080.2683 -1080.4548 -1080.5922 -1080.7195 -1080.8464 -1081.0096 -1081.1453 -1081.2911 -1081.4271 -1081.5350 -1081.5994 -1081.6124 -1081.6600 -1081.7061 -1081.7501 -1081.8040 -1081.8612 -1081.8936 -1081.9043 -1081.8524 -1081.9296 -1082.0253 -1082.1063 -1082.1689 -1082.1788 -1082.2502 -1082.3241 -1082.4072 -1082.4556 -1082.5321 -1082.6222 -1082.7067 -1082.7488 -1082.7952 -1082.8456 -1082.8789 -1082.8707 -1082.8228 -1082.7802 -1082.7520
-1082.0515 -1082.1053 -1082.1306 -1082.1573 -1082.1965 -1082.2104 -1082.3159 -1082.4546 -1082.6146 -1082.7147 -1082.7511 -1082.7407 -1082.7213 -1082.6884 -1082.6602 -1082.6240 -1082.5859 -1082.5646 -1082.5613 -1082.5797 -1082.6091 -1082.5994 -1082.5748 -1082.5670 -1082.5095 -1082.4629 -1082.4407 -1082.4015 -1082.3483 -1082.2836 -1082.2296 -1082.1317 -1082.0568 -1082.0029 -1081.9517 -1081.8837 -1081.8145 -1081.7411 -1081.6437 -1081.5505 -1081.5118 -1081.4705 -1081.4460 -1081.4286 -1081.3721 -1081.2997 -1081.2418 -1081.1758 -1081.1189 -1081.0654 -1081.0325 -1080.9706 -1080.9061 -1080.8514 -1080.7803 -1080.7224 -1080.6958
-1081.3774 -1081.3213 -1081.2802 -1081.2522 -1081.2355 -1081.1880 -1081.1360 -1081.1003 -1081.0439 -1080.9879 -1080.9193 -1080.8646 -1080.8207 -1080.7809 -1080.7518 -1080.6752 -1080.6117 -1080.5922 -1080.5701 -1080.5334 -1080.4912 -1080.4819 -1080.6747 -1080.8945 -1081.2852 -1081.0228 -1080.6068 -1080.2590 -1080.0333 -1079.8978 -1079.7645 -1079.7902 -1079.8712 -1079.9984 -1080.0566 -1080.0114 -1079.9561 -1079.8781 -1079.8156 -1079.8011 -1079.8015 -1079.7717 -1079.7258 -1079.6866 -1079.6466 -1079.6021 -1079.5453 -1079.5293 -1079.5444 -1079.5725 -1079.6196 -1079.6344 -1079.6378 -1079.5962 -1079.5314 -1079.4434 -1079.3560
-1079.6060 -1079.5880 -1079.5582 -1079.5149 -1079.4761 -1079.4353 -1079.3975 -1079.3625 -1079.3561 -1079.3728 -1079.3964 -1079.4298 -1079.4403 -1079.4385 -1079.4037 -1079.3489 -1079.2706 -1079.1868 -1074.6735 -1074.8071 -1074.9652 -1075.1919 -1075.4441 -1075.6982 -1075.9453 -1076.1572 -1076.3702 -1076.5809 -1076.7968 -1077.0179 -1077.2283 -1077.4320 -1077.6375 -1077.8517 -1078.0712 -1078.3014 -1078.5421 -1078.7913 -1079.0455 -1079.3070 -1079.5624 -1079.8116 -1080.0513 -1080.2754 -1080.4777 -1080.6548 -1080.8009 -1080.9139 -1080.9810 -1081.0026 -1080.9753 -1080.8945 -1080.7687 -1080.5981 -1080.3864 -1080.1421 -1079.8793
-1079.3020 -1079.5616 -1079.8180 -1080.0645 -1080.2960 -1080.5051 -1080.6884 -1080.8395 -1080.9548 -1081.0219 -1081.0413 -1081.0093 -1080.9233 -1080.7936 -1080.6223 -1080.4121 -1080.1700 -1079.9103 -1079.6365 -1079.3611 -1079.0811 -1078.8010 -1078.5219 -1078.2377 -1077.9578 -1077.6888 -1077.4404 -1077.2146 -1077.0042 -1076.7965 -1076.5880 -1076.3854 -1076.1892 -1076.0067 -1075.8492 -1075.7173 -1075.6154 -1075.5436 -1075.5010 -1075.4806 -1075.4834 -1075.5085 -1075.5543 -1075.6100 -1075.6750 -1075.7626 -1075.8752 -1076.0104 -1076.1680 -1076.3445 -1076.5111 -1076.6698 -1076.8232 -1076.9651 -1077.1007 -1077.2233 -1077.3314
-1075.5079 -1075.5188 -1075.5514 -1075.5999 -1075.6549 -1075.7175 -1075.7980 -1075.9009 -1076.0271 -1076.1785 -1076.3480 -1076.5128 -1076.6746 -1076.8330 -1076.9841 -1077.1295 -1077.2632 -1077.3796 -1077.4768 -1077.5527 -1077.6093 -1077.6519 -1077.6842 -1077.7140 -1077.7468 -1077.7775 -1077.8014 -1077.8173 -1077.8282 -1077.8324 -1077.8301 -1077.8124 -1077.7894 -1077.7670 -1077.7457 -1077.7269 -1077.7023 -1077.6624 -1077.6179 -1077.5922 -1077.5671 -1077.5487 -1077.5695 -1077.6017 -1077.6279 -1077.6407 -1077.6378 -1077.6240 -1077.6062 -1077.5865 -1077.5665 -1077.5417 -1077.5138 -1077.4850 -1077.4630 -1077.4474 -1077.4397
-1077.7573 -1077.7242 -1077.6970 -1077.7104 -1077.7377 -1077.7527 -1077.7548 -1077.7362 -1077.7067 -1077.6781 -1077.6503 -1077.6337 -1077.6129 -1077.5875 -1077.5571 -1077.5327 -1077.5094 -1077.4915 -1077.4722 -1077.4723 -1077.5002 -1077.5889 -1077.7089 -1077.8644 -1078.0063 -1078.1321 -1078.2622 -1078.3816 -1078.5133 -1078.5952 -1078.6622 -1078.7251 -1078.7972 -1078.8851 -1079.0072 -1079.1636 -1079.3468 -1079.5199 -1079.6832 -1079.8301 -1079.9641 -1080.0889 -1080.2081 -1080.3346 -1080.4581 -1080.5756 -1080.6788 -1080.7654 -1080.8370 -1080.8911 -1080.9305 -1080.9642 -1081.0035 -1081.0400 -1081.0798 -1081.1121 -1081.1465
-1079.7058 -1079.8500 -1079.9677 -1080.0806 -1080.2031 -1080.3304 -1080.4469 -1080.5464 -1080.6364 -1080.7120 -1080.7686 -1080.8142 -1080.8538 -1080.9015 -1080.9448 -1080.9944 -1081.0347 -1081.0804 -1081.1157 -1081.1600 -1081.2123 -1081.2715 -1081.3203 -1081.3092 -1081.3147 -1081.3190 -1081.2986 -1081.2998 -1081.3192 -1081.3766 -1081.4354 -1081.4697 -1081.4758 -1081.4480 -1081.4102 -1081.3628 -1081.3397 -1081.3365 -1081.3376 -1081.3267 -1081.2908 -1081.2513 -1081.1943 -1081.1276 -1081.0563 -1080.9984 -1080.9420 -1080.9308 -1080.9463 -1080.9590 -1080.9734 -1080.9637 -1080.9265 -1080.8488 -1080.7745 -1080.6997 -1080.6494
-1081.1445 -1081.1223 -1081.0941 -1081.0387 -1080.9731 -1080.8901 -1080.8188 -1080.7343 -1080.7008 -1080.6945 -1080.7181 -1080.7468 -1080.7528 -1080.7367 -1080.6790 -1080.6035 -1080.5353 -1080.4803 -1080.4445 -1080.4314 -1080.4108 -1080.3622 -1080.3009 -1080.2388 -1080.1699 -1080.0935 -1079.9797 -1079.8402 -1079.7078 -1079.6289 -1079.5814 -1079.5359 -1079.5151 -1079.5060 -1079.4996 -1079.4813 -1079.4749 -1079.4640 -1079.4463 -1079.4156 -1079.3663 -1079.3048 -1079.2433 -1079.1893 -1079.1353 -1079.0698 -1079.0117 -1078.9321 -1078.8480 -1078.7565 -1078.6722 -1078.5905 -1078.5237 -1078.4703 -1078.4650 -1078.4633 -1078.4491
-1079.2708 -1079.2183 -1079.1434 -1079.0607 -1078.9860 -1078.9187 -1078.8512 -1078.7910 -1078.7239 -1078.6510 -1078.5747 -1078.4897 -1078.4066 -1078.3348 -1078.2800 -1078.2679 -1078.2606 -1078.2489 -1078.2771 -1078.2985 -1078.2783 -1078.2711 -1078.2721 -1078.2488 -1078.2317 -1078.2128 -1078.1887 -1078.1656 -1078.1411 -1078.1315 -1078.1754 -1078.2200 -1078.2242 -1078.2118 -1078.2025 -1078.1875 -1078.1863 -1078.1666 -1078.1371 -1078.1221 -1075.0726 -1075.1639 -1075.2672 -1075.3759 -1075.5188 -1075.6846 -1075.8820 -1076.1262 -1076.3643 -1076.6008 -1076.8459 -1077.0792 -1077.2661 -1077.4495 -1077.6108 -1077.7744 -1077.9928
-1077.9633 -1075.1698 -1075.2654 -1075.3744 -1075.4846 -1075.6252 -1075.7812 -1075.9629 -1076.1766 -1076.4014 -1076.6190 -1076.8495 -1077.0660 -1077.2426 -1077.4167 -1077.5844 -1077.7500 -1077.9731 -1078.2733 -1078.5333 -1078.7700 -1078.9822 -1079.1321 -1079.2812 -1079.5011 -1079.7690 -1080.0247 -1080.2653 -1080.4592 -1080.5972 -1080.6887 -1080.7358 -1080.6962 -1080.5969 -1080.4659 -1080.3409 -1080.2151 -1080.0632 -1079.9045 -1079.6968 -1079.4542 -1079.1754 -1078.9000 -1078.5892 -1078.3119 -1078.0638 -1077.8500 -1077.6155 -1077.4127 -1077.2271 -1077.0356 -1076.8523 -1076.6781 -1076.5103 -1076.3534 -1076.2068 -1076.0839
-1079.5062 -1079.2736 -1079.0345 -1078.8031 -1078.5215 -1078.2579 -1078.0295 -1077.8121 -1077.5850 -1077.3969 -1077.2181 -1077.0353 -1076.8604 -1076.6963 -1076.5348 -1076.3843 -1076.2406 -1076.1223 -1076.0315 -1075.9624 -1075.9398 -1075.9653 -1076.0115 -1076.0693 -1076.1248 -1076.1664 -1076.2052 -1076.2485 -1076.2838 -1076.3254 -1076.3962 -1076.4991 -1076.6198 -1076.7899 -1076.9064 -1077.0823 -1077.2601 -1077.4327 -1077.5885 -1077.7131 -1077.8060 -1077.8976 -1077.9882 -1078.0757 -1078.1520 -1078.2150 -1078.2869 -1078.3972 -1078.5151 -1078.6204 -1078.7213 -1078.7518 -1078.7819 -1078.8165 -1078.8116 -1078.8103 -1078.8119
-1077.7638 -1077.8463 -1077.9529 -1078.0441 -1078.1326 -1078.2083 -1078.2754 -1078.3512 -1078.4537 -1078.5505 -1078.6483 -1078.7452 -1078.8215 -1078.8503 -1078.8600 -1078.8623 -1078.8679 -1078.8793 -1078.8846 -1078.8755 -1078.8597 -1078.8265 -1078.7964 -1078.7572 -1078.7262 -1078.6765 -1078.6390 -1078.5978 -1078.5675 -1078.5282 -1078.4626 -1078.3811 -1078.3036 -1078.2258 -1078.1625 -1078.1226 -1078.0835 -1078.0282 -1077.9795 -1077.9237 -1077.8988 -1077.8691 -1077.8508 -1077.8403 -1077.8646 -1077.8948 -1077.9368 -1077.9944 -1078.0549 -1078.1053 -1078.1930 -1078.2826 -1078.3713 -1078.4561 -1078.5483 -1078.6168 -1078.6769
-1077.9908 -1077.9686 -1077.9430 -1077.9291 -1077.9153 -1077.9248 -1077.9382 -1077.9688 -1078.0115 -1078.0564 -1078.0970 -1078.1743 -1078.2549 -1078.3287 -1078.4026 -1078.4813 -1078.5369 -1078.5830 -1078.6189 -1078.6453 -1078.6747 -1078.7404 -1078.8209 -1078.9314 -1079.0835 -1079.2682 -1079.4398 -1079.6028 -1079.7235 -1079.8069 -1079.8538 -1079.8845 -1079.8848 -1079.8988 -1079.9126 -1079.9354 -1079.9576 -1079.9977 -1080.0311 -1080.0653 -1080.1078 -1080.1415 -1080.1681 -1080.2054 -1080.2433 -1080.2727 -1080.2648 -1080.2200 -1080.1746 -1080.1332 -1080.1055 -1080.0927 -1080.1218 -1080.1626 -1080.2123 -1080.2408 -1080.2273
-1079.8997 -1079.9493 -1079.9885 -1080.0121 -1080.0361 -1080.0498 -1080.0540 -1080.0441 -1080.0107 -1079.9800 -1079.9445 -1079.9258 -1079.9174 -1079.9486 -1079.9868 -1080.0361 -1080.0724 -1080.0718 -1080.0559 -1080.0063 -1079.9426 -1079.8640 -1079.7733 -1079.6903 -1079.6127 -1079.5836 -1079.5896 -1079.6047 -1079.6141 -1079.6145 -1079.5684 -1079.4811 -1079.4141 -1079.3444 -1079.2867 -1079.2720 -1079.2739 -1079.2659 -1079.2554 -1079.2445 -1079.2279 -1079.2063 -1079.1730 -1079.1362 -1079.0488 -1078.9685 -1078.8890 -1078.7677 -1078.6246 -1078.4958 -1078.4106 -1078.3525 -1078.3286 -1078.3126 -1078.2855 -1078.2487 -1078.2167
-1079.0703 -1079.0496 -1079.0162 -1078.9838 -1078.9374 -1078.8516 -1078.7758 -1078.7012 -1078.5856 -1078.4509 -1078.3220 -1078.2162 -1078.1404 -1078.1122 -1078.0999 -1078.0856 -1078.0520 -1078.0073 -1077.9664 -1077.9374 -1077.8955 -1077.8499 -1077.7958 -1077.7446 -1077.6707 -1077.6110 -1077.5381 -1077.4744 -1077.4098 -1077.3604 -1077.3129 -1077.2733 -1077.2463 -1077.2252 -1077.2373 -1077.2544 -1077.2744 -1077.2809 -1077.2482 -1077.2184 -1077.1926 -1077.1631 -1077.1406 -1077.1631 -1077.1786 -1077.1885 -1077.1958 -1077.1938 -1077.1770 -1077.1392 -1077.1147 -1077.1012 -1077.1069 -1077.1094 -1077.1238 -1077.1213 -1077.1111
-1077.1154 -1077.0837 -1077.0470 -1077.0167 -1077.0283 -1077.0287 -1077.0430 -1077.0669 -1077.0924 -1077.0986 -1077.0791 -1077.0599 -1077.0439 -1077.0435 -1077.0448 -1077.0649 -1077.0643 -1077.0518 -1077.0400 -1077.0250 -1076.9996 -1076.9641 -1076.9243 -1076.3271 -1076.4220 -1076.4875 -1076.5659 -1076.6449 -1076.6981 -1076.7654 -1076.8466 -1076.9275 -1077.0242 -1077.1182 -1077.2120 -1077.3000 -1077.4056 -1077.5189 -1077.6528 -1077.8191 -1077.9976 -1078.1620 -1078.3123 -1078.4543 -1078.5801 -1078.7052 -1078.8375 -1078.9661 -1079.0974 -1079.2091 -1079.2850 -1079.3264 -1079.3409 -1079.3438 -1079.3409 -1079.3339 -1079.3007
