pextant/backend_app/models/tutorial.txt
ncols         295
nrows         256
xllcorner     0
yllcorner     0
cellsize      1.000
NODATA_value  0
[rows 150 to 174 of 222, columns 114 to 170 of 295]
-1091.5061 -1091.4995 -1091.4960 -1091.4805 -1091.4619 -1091.4331 -1091.4010 -1091.3678 -1091.3331 -1091.2952 -1091.2535 -1091.2028 -1091.1349 -1091.0670 -1090.9913 -1090.9138 -1090.8477 -1090.7932 -1090.7133 -1090.6401 -1090.5521 -1090.4634 -1090.3738 -1090.2927 -1090.2236 -1090.1423 -1090.0380 -1089.9321 -1089.8176 -1089.7069 -1089.5936 -1089.4692 -1089.3459 -1089.1934 -1089.0151 -1088.8604 -1088.7238 -1088.5746 -1088.4270 -1088.3007 -1088.1730 -1088.0416 -1087.9064 -1087.7527 -1087.5645 -1087.3796 -1087.2162 -1087.0629 -1086.9176 -1086.7976 -1086.6537 -1086.4601 -1086.2654 -1086.0881 -1085.9076 -1085.7225 -1085.5151
-1088.3168 -1088.2064 -1088.0964 -1087.9725 -1087.8109 -1087.6146 -1087.4171 -1087.2363 -1087.0791 -1086.9368 -1086.8187 -1086.6774 -1086.5054 -1086.3159 -1086.1438 -1085.9808 -1085.8257 -1085.6449 -1085.4207 -1085.2002 -1085.0061 -1084.8589 -1084.7305 -1084.5999 -1084.4341 -1084.2504 -1084.0776 -1083.9055 -1083.7310 -1083.5687 -1083.4200 -1083.2905 -1083.1449 -1083.0057 -1082.8644 -1082.7212 -1082.5636 -1082.3900 -1082.2102 -1082.0326 -1081.8666 -1081.6971 -1081.5604 -1081.4340 -1081.3192 -1081.2137 -1081.1321 -1081.0402 -1080.9182 -1080.7946 -1080.6545 -1080.4833 -1080.3088 -1080.1390 -1079.9644 -1079.7969 -1079.6416
-1082.1124 -1081.9415 -1081.7830 -1081.6544 -1081.5289 -1081.4109 -1081.3019 -1081.2045 -1081.1011 -1080.9730 -1080.8492 -1080.7155 -1080.5436 -1080.3674 -1080.1946 -1080.0094 -1079.8337 -1079.6724 -1079.5233 -1079.3636 -1079.1957 -1079.0299 -1078.8862 -1078.7695 -1078.6696 -1078.5746 -1078.4551 -1078.3319 -1078.1987 -1078.0592 -1077.9086 -1077.7371 -1077.5612 -1077.4141 -1077.3120 -1077.2850 -1077.3015 -1077.3258 -1077.2208 -1077.0977 -1076.7875 -1076.5583 -1076.2719 -1076.1118 -1075.9711 -1075.8328 -1075.7067 -1075.5941 -1075.4894 -1075.3925 -1075.3026 -1075.1791 -1075.0272 -1074.9047 -1074.7832 -1074.6327 -1074.5319
-1077.5394 -1077.0872 -1076.8324 -1076.3854 -1076.1940 -1076.0369 -1075.8854 -1075.7550 -1075.6348 -1075.5316 -1075.4382 -1075.3580 -1075.2371 -1075.0674 -1074.9359 -1074.7878 -1074.6251 -1074.5077 -1074.3580 -1074.2008 -1074.0627 -1073.9399 -1073.8311 -1073.7471 -1073.6754 -1073.6012 -1073.5360 -1073.4729 -1073.3905 -1073.3066 -1073.2611 -1073.1759 -1073.1481 -1073.1327 -1073.1022 -1073.0742 -1073.0214 -1072.9623 -1072.8837 -1072.8096 -1072.7451 -1072.6761 -1072.6238 -1072.5756 -1072.5171 -1072.4688 -1072.4060 -1072.3269 -1072.2468 -1072.1780 -1072.1335 -1072.1132 -1072.1024 -1072.1099 -1072.1205 -1072.1405 -1072.1689
-1072.7861 -1072.7123 -1072.6324 -1072.5621 -1072.4968 -1072.4297 -1072.3798 -1072.3282 -1072.2531 -1072.1664 -1072.1160 -1072.0642 -1072.0366 -1072.0227 -1072.0381 -1072.0546 -1072.0864 -1072.1163 -1072.1603 -1072.1848 -1072.2106 -1072.2488 -1072.2930 -1072.3446 -1081.2719 -1081.4316 -1081.5814 -1081.7385 -1081.8916 -1082.0831 -1082.2936 -1082.5409 -1082.7693 -1083.0060 -1083.2725 -1083.5403 -1083.8052 -1084.0746 -1084.3755 -1084.6588 -1084.9403 -1085.2026 -1085.4368 -1085.6334 -1085.8572 -1086.1510 -1086.5609 -1086.9540 -1087.3727 -1087.7388 -1088.1099 -1088.4576 -1088.7688 -1089.0403 -1089.2816 -1089.5039 -1089.7059
-1084.6177 -1084.8903 -1085.1530 -1085.3960 -1085.6116 -1085.8510 -1086.1439 -1086.5386 -1086.9366 -1087.3560 -1087.7428 -1088.1473 -1088.5157 -1088.8492 -1089.1495 -1089.3973 -1089.6077 -1089.7963 -1089.9346 -1090.0575 -1090.1423 -1090.2118 -1090.2581 -1090.3044 -1090.3390 -1090.3787 -1090.4240 -1090.4674 -1090.4832 -1090.5084 -1090.5225 -1090.5157 -1090.5350 -1090.5804 -1090.6315 -1090.6921 -1090.7560 -1090.8040 -1090.8407 -1090.8702 -1090.9105 -1090.9498 -1090.9877 -1091.0272 -1091.0707 -1091.1194 -1091.1971 -1091.3110 -1091.4353 -1091.5458 -1091.6299 -1091.6857 -1091.7010 -1091.6959 -1091.6835 -1091.6503 -1091.5922
-1090.8306 -1090.8599 -1090.8907 -1090.9197 -1090.9557 -1091.0009 -1091.0515 -1091.1298 -1091.2494 -1091.3787 -1091.4885 -1091.5675 -1091.6184 -1091.6318 -1091.6234 -1091.6075 -1091.5719 -1091.5153 -1091.4530 -1091.3907 -1091.3390 -1091.2988 -1091.2642 -1091.2317 -1091.2058 -1091.1761 -1091.1467 -1091.1128 -1091.0835 -1091.0466 -1090.9912 -1090.9265 -1090.8491 -1090.7729 -1090.6941 -1090.6248 -1090.5433 -1090.4573 -1090.3740 -1090.2969 -1090.2167 -1090.1420 -1090.0723 -1089.9998 -1089.9291 -1089.8580 -1089.7756 -1089.6804 -1089.6029 -1089.5233 -1089.4330 -1089.3386 -1089.2343 -1089.1182 -1088.9937 -1088.8729 -1088.7471
-1090.1841 -1090.1023 -1090.0278 -1089.9585 -1089.8949 -1089.8345 -1089.7737 -1089.7041 -1089.6149 -1089.5327 -1089.4469 -1089.3561 -1089.2607 -1089.1611 -1089.0562 -1088.9507 -1088.8450 -1088.7235 -1088.5985 -1088.4674 -1088.3199 -1088.1484 -1088.0012 -1087.8655 -1087.7484 -1087.6370 -1087.5463 -1087.4631 -1087.3906 -1087.3247 -1087.2412 -1087.0780 -1086.9305 -1086.7723 -1086.6151 -1086.4559 -1086.3231 -1086.1805 -1086.0483 -1085.9178 -1085.7759 -1085.6470 -1085.5245 -1085.3881 -1085.2183 -1085.0558 -1084.9056 -1084.7355 -1084.5918 -1084.4651 -1084.3424 -1084.2034 -1084.0707 -1083.9318 -1083.7900 -1083.6328 -1083.4661
-1085.9442 -1085.8136 -1085.6866 -1085.5591 -1085.4103 -1085.2458 -1085.0941 -1084.9552 -1084.8019 -1084.6697 -1084.5477 -1084.4218 -1084.2726 -1084.1344 -1083.9957 -1083.8582 -1083.7159 -1083.5695 -1083.3866 -1083.2157 -1083.0272 -1082.8350 -1082.6602 -1082.4911 -1082.3372 -1082.1964 -1082.0740 -1081.9572 -1081.8256 -1081.6797 -1081.5139 -1081.3307 -1081.1398 -1080.9595 -1080.7561 -1080.5632 -1080.3876 -1080.2067 -1080.0117 -1079.8405 -1079.6990 -1079.5701 -1079.4636 -1079.3793 -1079.3114 -1079.1965 -1079.0686 -1078.9250 -1078.7804 -1078.6434 -1078.4838 -1078.3210 -1078.1279 -1077.9475 -1077.7450 -1077.5685 -1077.4281
-1079.8944 -1079.7335 -1079.5900 -1079.4781 -1079.3890 -1079.3247 -1079.2220 -1079.1077 -1078.9644 -1078.8146 -1078.6647 -1078.5134 -1078.3424 -1078.1661 -1077.9886 -1077.7928 -1077.6128 -1077.4576 -1077.2994 -1077.1750 -1077.0389 -1076.9257 -1076.8175 -1076.7074 -1076.5818 -1076.4669 -1076.3197 -1076.1993 -1076.0801 -1076.0043 -1075.9209 -1075.8319 -1075.7112 -1075.5659 -1075.3871 -1075.2032 -1074.9924 -1074.7831 -1074.5955 -1074.4307 -1074.2875 -1074.1575 -1074.0591 -1073.9703 -1073.8843 -1073.7991 -1073.7139 -1073.6627 -1073.6418 -1073.6431 -1073.6193 -1073.6146 -1073.5909 -1073.5682 -1073.5323 -1073.5077 -1073.4922
-1074.4441 -1074.3004 -1074.1686 -1074.0730 -1073.9875 -1073.9070 -1073.8351 -1073.7629 -1073.7151 -1073.6951 -1073.6968 -1073.6843 -1073.7028 -1073.7012 -1073.7052 -1073.6993 -1073.6908 -1073.6746 -1073.6405 -1073.5696 -1073.5079 -1073.4386 -1073.3519 -1073.2480 -1073.1421 -1073.0283 -1072.9169 -1072.8035 -1072.7019 -1072.5997 -1072.4934 -1072.3802 -1072.2539 -1072.1140 -1071.9840 -1071.8589 -1071.7498 -1071.6603 -1071.5992 -1071.5519 -1071.5391 -1071.5524 -1071.5742 -1071.5967 -1071.6387 -1071.6708 -1080.3763 -1080.5747 -1080.7921 -1081.0420 -1081.3130 -1081.5802 -1081.8546 -1082.1686 -1082.5289 -1082.8181 -1083.1031
-1071.5134 -1071.4878 -1071.4902 -1071.5029 -1071.5167 -1071.5498 -1071.5673 -1080.2808 -1080.4799 -1080.7002 -1080.9628 -1081.2216 -1081.4757 -1081.7378 -1082.0582 -1082.4513 -1082.7469 -1083.0698 -1083.3289 -1083.5219 -1083.7365 -1083.9717 -1084.2223 -1084.4709 -1084.7087 -1084.9578 -1085.2247 -1085.5297 -1085.8384 -1086.1748 -1086.5443 -1086.9355 -1087.2803 -1087.6610 -1088.0214 -1088.3594 -1088.6895 -1089.0227 -1089.3131 -1089.5900 -1089.7983 -1089.9432 -1090.0265 -1090.0574 -1090.0427 -1090.0188 -1090.0065 -1090.0217 -1090.0580 -1090.1039 -1090.1526 -1090.1908 -1090.2126 -1090.2283 -1090.2317 -1090.2217 -1090.2146
-1089.3522 -1089.5555 -1089.7007 -1089.8037 -1089.8555 -1089.8579 -1089.8475 -1089.8550 -1089.8831 -1089.9227 -1089.9674 -1090.0145 -1090.0571 -1090.0919 -1090.1233 -1090.1427 -1090.1453 -1090.1400 -1090.1427 -1090.1498 -1090.1812 -1090.2124 -1090.2770 -1090.3129 -1090.3781 -1090.4438 -1090.5073 -1090.5751 -1090.6326 -1090.6943 -1090.7577 -1090.8220 -1090.8757 -1090.9303 -1090.9689 -1090.9895 -1090.9983 -1090.9967 -1090.9910 -1090.9883 -1090.9866 -1090.9822 -1090.9535 -1090.9106 -1090.8632 -1090.8201 -1090.7739 -1090.7335 -1090.6886 -1090.6377 -1090.5697 -1090.4957 -1090.4237 -1090.3369 -1090.2571 -1090.1610 -1090.0929
-1090.9119 -1090.9191 -1090.9211 -1090.9012 -1090.8544 -1090.8003 -1090.7440 -1090.6874 -1090.6436 -1090.6010 -1090.5577 -1090.4918 -1090.4203 -1090.3478 -1090.2621 -1090.1793 -1090.0724 -1089.9985 -1089.9260 -1089.8462 -1089.7719 -1089.7031 -1089.6357 -1089.5742 -1089.5189 -1089.4377 -1089.3711 -1089.3086 -1089.2372 -1089.1710 -1089.0989 -1089.0177 -1088.9199 -1088.8094 -1088.6923 -1088.5923 -1088.4941 -1088.4003 -1088.3058 -1088.2096 -1088.1044 -1088.0032 -1087.9097 -1087.8140 -1087.7222 -1087.6387 -1087.5609 -1087.4766 -1087.3961 -1087.3235 -1087.2490 -1087.1697 -1087.0988 -1086.9930 -1086.8663 -1086.7401 -1086.6080
-1088.1333 -1088.0300 -1087.9347 -1087.8418 -1087.7489 -1087.6594 -1087.5753 -1087.4999 -1087.4246 -1087.3533 -1087.2789 -1087.2039 -1087.1228 -1087.0530 -1086.9547 -1086.8456 -1086.7329 -1086.6199 -1086.5005 -1086.3815 -1086.2417 -1086.0999 -1085.9666 -1085.8293 -1085.7015 -1085.6028 -1085.5082 -1085.4387 -1085.3890 -1085.3398 -1085.2643 -1085.1752 -1085.0486 -1084.8702 -1084.6882 -1084.5165 -1084.3516 -1084.1947 -1084.0673 -1083.9336 -1083.7961 -1083.6680 -1083.5312 -1083.3542 -1083.1688 -1082.9824 -1082.7703 -1082.5679 -1082.3837 -1082.1830 -1081.9875 -1081.8138 -1081.6421 -1081.4396 -1081.2185 -1081.0165 -1080.8333
-1083.8933 -1083.7625 -1083.6322 -1083.4966 -1083.3242 -1083.1488 -1082.9745 -1082.7832 -1082.5972 -1082.4263 -1082.2147 -1082.0033 -1081.8090 -1081.6211 -1081.4117 -1081.2083 -1081.0214 -1080.8547 -1080.7173 -1080.6046 -1080.4774 -1080.3191 -1080.1801 -1080.0281 -1079.8958 -1079.7872 -1079.6421 -1079.5449 -1079.3987 -1079.2487 -1079.0897 -1078.9341 -1078.7621 -1078.5845 -1078.4105 -1078.2417 -1078.0681 -1077.9025 -1077.7052 -1077.5137 -1077.3322 -1077.1802 -1077.0599 -1076.9637 -1076.8831 -1076.8121 -1076.7134 -1076.5878 -1076.4554 -1076.3188 -1076.1912 -1076.0673 -1075.9839 -1075.9087 -1075.8158 -1075.6617 -1075.4791
-1077.4503 -1077.2852 -1077.1499 -1077.0432 -1076.9591 -1076.8800 -1076.8037 -1076.7076 -1076.5914 -1076.4667 -1076.3303 -1076.1962 -1076.0641 -1075.9669 -1075.8853 -1075.7693 -1075.6078 -1075.4326 -1075.2419 -1075.0330 -1074.8196 -1074.6545 -1074.5184 -1074.4301 -1074.3531 -1074.3054 -1074.2589 -1074.2292 -1074.2246 -1074.2607 -1074.3154 -1074.3884 -1074.4677 -1074.5692 -1074.6650 -1074.7610 -1074.8632 -1074.9562 -1075.0243 -1075.0975 -1075.1484 -1075.1887 -1075.2173 -1075.2319 -1075.2008 -1075.1571 -1075.0839 -1074.9696 -1074.7971 -1074.6078 -1074.4082 -1074.1852 -1073.9294 -1073.6050 -1073.2782 -1072.9443 -1072.6439
-1075.3734 -1075.4574 -1075.5236 -1075.5582 -1075.5792 -1075.5476 -1075.4972 -1075.4025 -1075.2704 -1075.1001 -1074.9058 -1074.7023 -1074.4720 -1074.1947 -1073.8508 -1073.4963 -1073.1469 -1072.8303 -1072.5592 -1072.2889 -1072.0649 -1071.8644 -1071.7002 -1071.5524 -1071.4495 -1071.3544 -1071.2651 -1071.1860 -1071.1655 -1079.8813 -1080.1394 -1080.3645 -1080.6196 -1080.8619 -1081.1256 -1081.3662 -1081.6580 -1081.9670 -1082.2349 -1082.5336 -1082.8008 -1083.0565 -1083.2904 -1083.5237 -1083.7474 -1083.9689 -1084.2078 -1084.4209 -1084.6449 -1084.8816 -1085.1317 -1085.3861 -1085.6969 -1086.0293 -1086.3336 -1086.6395 -1086.9221
-1082.4476 -1082.7164 -1082.9761 -1083.2285 -1083.4637 -1083.6885 -1083.9026 -1084.1359 -1084.3529 -1084.5720 -1084.7860 -1084.9996 -1085.2271 -1085.4885 -1085.7947 -1086.0917 -1086.3938 -1086.6809 -1086.9628 -1087.2020 -1087.4205 -1087.6014 -1087.7666 -1087.9352 -1088.0669 -1088.1779 -1088.2930 -1088.3765 -1088.4482 -1088.5150 -1088.5835 -1088.6714 -1088.7614 -1088.8335 -1088.8923 -1088.9475 -1088.9728 -1089.0312 -1089.1099 -1089.2118 -1089.3170 -1089.3940 -1089.4573 -1089.5044 -1089.5591 -1089.6355 -1089.7186 -1089.8102 -1089.8954 -1089.9828 -1090.0516 -1090.1105 -1090.1594 -1090.1893 -1090.1990 -1090.2411 -1090.2756
-1089.0240 -1089.1285 -1089.2256 -1089.3033 -1089.3583 -1089.4242 -1089.5129 -1089.6041 -1089.7169 -1089.8171 -1089.9103 -1089.9850 -1090.0463 -1090.0901 -1090.1152 -1090.1146 -1090.1539 -1090.1913 -1090.2749 -1090.3752 -1090.4662 -1090.4930 -1090.4423 -1090.3655 -1090.3062 -1090.2999 -1090.3318 -1090.3876 -1090.4290 -1090.3757 -1090.2800 -1090.1654 -1090.0392 -1089.9097 -1089.7880 -1089.6599 -1089.5127 -1089.3960 -1089.3140 -1089.2428 -1089.1875 -1089.1416 -1089.1029 -1089.0358 -1088.9580 -1088.8922 -1088.8386 -1088.7886 -1088.7483 -1088.6956 -1088.6356 -1088.5750 -1088.5096 -1088.4547 -1088.4102 -1088.3431 -1088.2458
-1089.1467 -1089.0947 -1089.0707 -1089.0264 -1088.9594 -1088.8789 -1088.8080 -1088.7415 -1088.6931 -1088.6490 -1088.6106 -1088.5629 -1088.4969 -1088.4358 -1088.3792 -1088.3302 -1088.2585 -1088.1631 -1088.0527 -1087.9550 -1087.8447 -1087.7413 -1087.6509 -1087.5515 -1087.4432 -1087.3394 -1087.2288 -1087.1555 -1087.0874 -1087.0339 -1086.9738 -1086.8875 -1086.7532 -1086.6179 -1086.4897 -1086.3721 -1086.2981 -1086.2689 -1086.2557 -1086.2421 -1086.2267 -1086.1940 -1086.1335 -1086.0554 -1085.9369 -1085.7760 -1085.6018 -1085.4329 -1085.2765 -1085.1248 -1085.0071 -1084.8984 -1084.7950 -1084.6802 -1084.5764 -1084.4647 -1084.3513
-1086.1617 -1086.1399 -1086.0995 -1086.0271 -1085.9382 -1085.8108 -1085.6497 -1085.4812 -1085.3224 -1085.1625 -1085.0022 -1084.8873 -1084.7761 -1084.6699 -1084.5520 -1084.4585 -1084.3644 -1084.2738 -1084.1245 -1083.9640 -1083.8079 -1083.6169 -1083.4254 -1083.1913 -1082.9941 -1082.8337 -1082.6688 -1082.5109 -1082.3868 -1082.2720 -1082.1593 -1082.0421 -1081.9011 -1081.7303 -1081.5540 -1081.3750 -1081.1967 -1081.0260 -1080.8533 -1080.6805 -1080.5068 -1080.3458 -1080.1686 -1080.0044 -1079.8507 -1079.7065 -1079.5620 -1079.4625 -1079.3739 -1079.2864 -1079.1703 -1079.0289 -1078.8616 -1078.6625 -1078.4633 -1078.2596 -1078.0750
-1080.6478 -1080.4749 -1080.3094 -1080.1323 -1079.9652 -1079.8126 -1079.6670 -1079.5170 -1079.4103 -1079.3168 -1079.2170 -1079.0958 -1078.9653 -1078.8055 -1078.6244 -1078.4366 -1078.2413 -1078.0576 -1077.8727 -1077.6702 -1077.4625 -1077.2716 -1077.0886 -1076.9277 -1076.8069 -1076.7175 -1076.6390 -1076.5679 -1076.4688 -1076.3718 -1076.2755 -1076.1770 -1076.0856 -1076.0112 -1075.9351 -1075.7850 -1075.6774 -1075.5371 -1075.3489 -1075.1077 -1074.9259 -1074.7733 -1074.6483 -1074.5610 -1074.5178 -1074.5054 -1074.5151 -1074.5626 -1074.6381 -1074.7400 -1074.8500 -1074.9677 -1075.0806 -1075.2029 -1075.3257 -1075.4846 -1075.6642
-1075.0997 -1074.9065 -1074.7471 -1074.6237 -1074.5365 -1074.5040 -1074.5039 -1074.5208 -1074.5663 -1074.6379 -1074.7477 -1074.8749 -1075.0104 -1075.1284 -1075.2499 -1075.3712 -1075.5333 -1075.7142 -1075.9094 -1076.1353 -1076.3683 -1076.6041 -1076.8337 -1077.0573 -1077.2538 -1077.4347 -1077.6047 -1077.7317 -1077.7993 -1077.7571 -1077.6216 -1077.4088 -1077.1315 -1076.7910 -1076.3837 -1075.8787 -1075.3950 -1074.9198 -1074.4363 -1074.0017 -1073.6127 -1073.2540 -1072.8787 -1072.6053 -1072.3641 -1072.1276 -1071.8922 -1071.6764 -1071.4275 -1071.2347 -1071.1233 -1079.5450 -1079.8015 -1080.0481 -1080.3196 -1080.6039 -1080.8704
-1074.0898 -1073.6987 -1073.3264 -1072.9167 -1072.6405 -1072.3948 -1072.1545 -1071.9202 -1071.6956 -1071.4540 -1071.2493 -1071.1169 -1079.4746 -1079.7400 -1080.0153 -1080.3047 -1080.6100 -1080.8970 -1081.1598 -1081.3906 -1081.6141 -1081.8440 -1082.0592 -1082.2511 -1082.4435 -1082.6442 -1082.8669 -1083.0616 -1083.2546 -1083.4224 -1083.5627 -1083.7153 -1083.8926 -1084.0858 -1084.2953 -1084.5017 -1084.6830 -1084.8591 -1085.0592 -1085.3062 -1085.5349 -1085.7913 -1086.0123 -1086.2290 -1086.4113 -1086.5753 -1086.7009 -1086.7911 -1086.8837 -1086.9858 -1087.0824 -1087.1852 -1087.2881 -1087.3894 -1087.4952 -1087.5857 -1087.6464
