pextant/backend_app/models/tutorial.txt
ncols         295
nrows         256
xllcorner     0
yllcorner     0
cellsize      1.000
NODATA_value  0
[rows 100 to 124 of 222, columns 114 to 170 of 295]
-1076.9569 -1076.8352 -1076.6736 -1076.5208 -1076.3740 -1076.2166 -1076.0702 -1075.9537 -1075.8419 -1075.7236 -1075.5532 -1075.4014 -1075.2573 -1075.0896 -1074.9205 -1074.7529 -1074.5769 -1074.4313 -1074.2803 -1074.1298 -1073.9995 -1073.8754 -1073.7535 -1073.6364 -1073.5312 -1073.4301 -1073.3427 -1073.2367 -1073.1002 -1072.9714 -1072.8461 -1072.7206 -1072.6310 -1072.5695 -1072.5239 -1072.4808 -1072.4427 -1072.4050 -1072.3772 -1072.3741 -1072.4038 -1072.4536 -1072.5134 -1072.5800 -1072.6229 -1072.6387 -1072.6454 -1072.6818 -1072.7345 -1072.8002 -1072.8785 -1072.9586 -1073.0198 -1073.0693 -1073.1162 -1073.1597 -1073.2118
-1072.2950 -1072.3217 -1072.3778 -1072.4478 -1072.5273 -1072.5892 -1072.6281 -1072.6565 -1072.7006 -1072.7697 -1072.8511 -1072.9384 -1073.0160 -1073.0632 -1073.0913 -1073.1212 -1073.1501 -1073.1879 -1073.2574 -1073.3546 -1073.4774 -1073.5963 -1073.7068 -1073.7928 -1073.8743 -1073.9524 -1074.0193 -1074.0890 -1074.1539 -1074.2285 -1074.2882 -1074.3594 -1074.4348 -1074.5009 -1074.5586 -1074.6155 -1074.6523 -1074.6882 -1074.7490 -1074.8348 -1074.9218 -1075.0044 -1075.0742 -1079.1406 -1079.3201 -1079.4890 -1079.6431 -1079.7842 -1079.9352 -1080.0723 -1080.2250 -1080.3904 -1080.5626 -1080.7213 -1080.8981 -1081.0693 -1081.2596
-1074.8696 -1074.9635 -1075.0497 -1075.1205 -1079.1387 -1079.3027 -1079.4607 -1079.6312 -1079.7556 -1079.8879 -1080.0497 -1080.1857 -1080.3503 -1080.5182 -1080.6761 -1080.8466 -1081.0068 -1081.1830 -1081.3549 -1081.5198 -1081.6809 -1081.8268 -1081.9490 -1082.0448 -1082.1248 -1082.1708 -1082.2089 -1082.2504 -1082.2894 -1082.3335 -1082.3842 -1082.4653 -1082.5480 -1082.6416 -1082.7274 -1082.8124 -1082.8906 -1082.9856 -1083.0997 -1083.2181 -1083.3729 -1083.5225 -1083.6796 -1083.8151 -1083.9424 -1084.0531 -1084.1659 -1084.2786 -1084.3916 -1084.5079 -1084.6099 -1084.6974 -1084.7782 -1084.8765 -1084.9874 -1085.1003 -1085.2288
-1083.2913 -1083.4343 -1083.5837 -1083.7384 -1083.8683 -1083.9994 -1084.1224 -1084.2430 -1084.3550 -1084.4749 -1084.5826 -1084.6753 -1084.7618 -1084.8475 -1084.9408 -1085.0499 -1085.1631 -1085.2878 -1085.3971 -1085.4797 -1085.5482 -1085.6123 -1085.6667 -1085.7228 -1085.7931 -1085.8718 -1085.9597 -1086.0583 -1086.1689 -1086.2883 -1086.3940 -1086.4369 -1086.4841 -1086.5228 -1086.4944 -1086.5540 -1086.6162 -1086.7195 -1086.7949 -1086.8623 -1086.9264 -1087.0005 -1087.0846 -1087.1738 -1087.2721 -1087.3567 -1087.4495 -1087.5278 -1087.5807 -1087.6182 -1087.6407 -1087.6488 -1087.6541 -1087.6575 -1087.6582 -1087.6633 -1087.6763
-1086.9176 -1086.9910 -1087.0714 -1087.1576 -1087.2485 -1087.3445 -1087.4336 -1087.5332 -1087.6094 -1087.6577 -1087.6921 -1087.7081 -1087.7166 -1087.7260 -1087.7349 -1087.7378 -1087.7386 -1087.7446 -1087.7472 -1087.7444 -1087.7012 -1087.6450 -1087.5731 -1087.5077 -1087.4335 -1087.3772 -1087.3008 -1087.1893 -1087.0720 -1086.9565 -1086.7936 -1086.6498 -1086.5090 -1086.3748 -1086.2460 -1086.1384 -1086.0298 -1085.9213 -1085.8112 -1085.6813 -1085.5216 -1085.3403 -1085.1240 -1084.8773 -1084.6216 -1084.4156 -1084.2910 -1084.2510 -1084.2819 -1084.2756 -1084.1974 -1084.0023 -1083.8290 -1083.5970 -1083.4218 -1083.2374 -1083.0114
-1085.6765 -1085.5251 -1085.3530 -1085.1588 -1084.9287 -1084.6782 -1084.4629 -1084.3110 -1084.2145 -1084.1711 -1084.1200 -1084.0293 -1083.8746 -1083.7117 -1083.5299 -1083.3767 -1083.1985 -1082.9711 -1082.7598 -1082.5521 -1082.3271 -1082.1251 -1081.9369 -1081.7888 -1081.6692 -1081.5321 -1081.4617 -1081.3865 -1081.3285 -1081.2614 -1081.2305 -1081.1869 -1081.1434 -1081.0657 -1080.9886 -1080.9019 -1080.8086 -1080.6637 -1080.5635 -1080.4109 -1080.3143 -1080.1866 -1080.0435 -1079.9260 -1079.7776 -1079.6315 -1079.4491 -1079.2583 -1079.0803 -1078.9189 -1078.7494 -1078.5946 -1078.4270 -1078.2286 -1078.0339 -1077.8507 -1077.6829
-1080.3695 -1080.2640 -1080.1445 -1080.0168 -1079.8936 -1079.7487 -1079.6139 -1079.4425 -1079.2589 -1079.0970 -1078.9442 -1078.7720 -1078.6091 -1078.4396 -1078.2427 -1078.0525 -1077.8756 -1077.7222 -1077.5737 -1077.4503 -1077.3234 -1077.1881 -1077.0481 -1076.9131 -1076.7590 -1076.6096 -1076.4709 -1076.3239 -1076.1854 -1076.0490 -1075.8937 -1075.7118 -1075.5320 -1075.3649 -1075.2089 -1075.0751 -1074.9503 -1074.7844 -1074.6205 -1074.4630 -1074.2911 -1074.1202 -1073.9679 -1073.7982 -1073.5763 -1073.4175 -1073.2734 -1073.1504 -1073.0503 -1072.9355 -1072.8267 -1072.7129 -1072.6051 -1072.5177 -1072.4426 -1072.3790 -1072.3083
-1074.5006 -1074.3185 -1074.1427 -1073.9810 -1073.8110 -1073.5942 -1073.4150 -1073.2505 -1073.1074 -1073.0140 -1072.8987 -1072.7976 -1072.6880 -1072.5856 -1072.4983 -1072.4259 -1072.3680 -1072.2983 -1072.2330 -1072.1763 -1072.1488 -1072.1261 -1072.1277 -1072.1337 -1072.1620 -1072.2124 -1072.2706 -1072.3485 -1072.4431 -1072.5763 -1072.7278 -1072.8683 -1072.9730 -1073.0292 -1073.0284 -1073.0126 -1072.9933 -1072.9877 -1072.9978 -1073.0189 -1073.0443 -1073.0760 -1073.1144 -1073.1802 -1073.2618 -1073.3533 -1073.4631 -1073.5862 -1073.6862 -1073.7805 -1073.8666 -1073.9476 -1074.0259 -1074.1138 -1074.1906 -1074.2614 -1074.3407
-1072.9967 -1073.0312 -1073.0662 -1073.1011 -1073.1614 -1073.2369 -1073.3250 -1073.4430 -1073.5686 -1073.6614 -1073.7561 -1073.8413 -1073.9237 -1074.0039 -1074.0918 -1074.1710 -1074.2437 -1074.3171 -1074.3966 -1074.4739 -1074.5721 -1074.6879 -1074.8140 -1074.9338 -1075.0460 -1075.1488 -1079.1379 -1079.3297 -1079.5040 -1079.6565 -1079.7939 -1079.9087 -1080.0114 -1080.1140 -1080.2209 -1080.3859 -1080.5427 -1080.6921 -1080.8394 -1080.9491 -1081.0177 -1081.0833 -1081.1583 -1081.2577 -1081.3512 -1081.4541 -1081.5605 -1081.6829 -1081.8101 -1081.9694 -1082.1299 -1082.2914 -1082.4594 -1082.6221 -1082.7700 -1082.9233 -1083.0782
-1080.8851 -1080.9727 -1081.0582 -1081.1459 -1081.2498 -1081.3462 -1081.4531 -1081.5588 -1081.6849 -1081.8168 -1081.9744 -1082.1354 -1082.3071 -1082.4894 -1082.6580 -1082.8030 -1082.9657 -1083.1339 -1083.2904 -1083.4261 -1083.5521 -1083.6798 -1083.7883 -1083.9128 -1084.0457 -1084.1775 -1084.3048 -1084.4480 -1084.5936 -1084.8036 -1085.1124 -1085.3491 -1085.6235 -1085.7804 -1085.8826 -1085.9592 -1085.9785 -1085.9822 -1085.9753 -1086.0154 -1086.0745 -1086.1631 -1086.2561 -1086.3400 -1086.4211 -1086.5035 -1086.5955 -1086.6936 -1086.7970 -1086.8937 -1086.9749 -1087.0476 -1087.1348 -1087.2216 -1087.3237 -1087.3947 -1087.4506
-1086.1432 -1086.2168 -1086.3291 -1086.4373 -1086.5002 -1086.5831 -1086.6746 -1086.7471 -1086.8306 -1086.9165 -1086.9941 -1087.0602 -1087.1223 -1087.2028 -1087.2859 -1087.3875 -1087.4851 -1087.5775 -1087.6536 -1087.7147 -1087.7750 -1087.8187 -1087.8613 -1087.8823 -1087.8977 -1087.9064 -1087.9380 -1087.9802 -1088.0157 -1088.0529 -1088.0819 -1088.0977 -1088.1204 -1088.1447 -1088.1696 -1088.1993 -1088.2292 -1088.2399 -1088.2323 -1088.1765 -1088.0908 -1087.9833 -1087.8480 -1087.7529 -1087.6265 -1087.5370 -1087.4465 -1087.3722 -1087.3115 -1087.2494 -1087.1680 -1087.1061 -1087.0397 -1086.9713 -1086.8801 -1086.7487 -1086.5825
-1088.1993 -1088.1064 -1087.9954 -1087.8507 -1087.7775 -1087.6610 -1087.5911 -1087.5101 -1087.4436 -1087.3811 -1087.3074 -1087.2068 -1087.1296 -1087.0551 -1086.9833 -1086.9100 -1086.7919 -1086.6510 -1086.5082 -1086.3594 -1086.1926 -1086.0638 -1085.9310 -1085.7751 -1085.6028 -1085.4297 -1085.2444 -1085.0638 -1084.8715 -1084.6678 -1084.4365 -1084.2303 -1084.0365 -1083.8202 -1083.6500 -1083.4613 -1083.2731 -1083.1345 -1083.0154 -1082.8944 -1082.7612 -1082.6160 -1082.4402 -1082.2791 -1082.1315 -1082.0077 -1081.8741 -1081.7699 -1081.6693 -1081.5724 -1081.4791 -1081.3878 -1081.2802 -1081.1940 -1081.1216 -1081.0580 -1081.0016
-1082.9561 -1082.8298 -1082.6790 -1082.4852 -1082.3157 -1082.1633 -1082.0314 -1081.8906 -1081.7882 -1081.6892 -1081.5898 -1081.4926 -1081.3959 -1081.2800 -1081.1818 -1081.1003 -1081.0314 -1080.9753 -1080.9164 -1080.8440 -1080.7401 -1080.6079 -1080.4589 -1080.3055 -1080.1592 -1080.0244 -1079.8971 -1079.8331 -1079.7955 -1079.7476 -1079.5948 -1079.4872 -1079.4125 -1079.2533 -1079.0975 -1078.9202 -1078.7122 -1078.5343 -1078.3607 -1078.2062 -1078.0820 -1077.9569 -1077.7733 -1077.5682 -1077.3823 -1077.1868 -1076.9861 -1076.8187 -1076.6538 -1076.4978 -1076.3522 -1076.2350 -1076.1031 -1075.9496 -1075.8160 -1075.6285 -1075.4594
-1078.2095 -1078.0913 -1077.9739 -1077.7915 -1077.5684 -1077.3820 -1077.1582 -1076.9795 -1076.8297 -1076.6743 -1076.5270 -1076.3938 -1076.2770 -1076.1472 -1076.0011 -1075.8696 -1075.6641 -1075.4966 -1075.2889 -1075.1107 -1074.9197 -1074.7318 -1074.5223 -1074.3046 -1074.0905 -1073.9011 -1073.7272 -1073.5750 -1073.4318 -1073.2820 -1073.1403 -1073.0264 -1072.9315 -1072.8430 -1072.7550 -1072.6665 -1072.5642 -1072.4736 -1072.3875 -1072.3367 -1072.3063 -1072.2955 -1072.2811 -1072.2714 -1072.2617 -1072.2527 -1072.2373 -1072.2223 -1072.2161 -1072.2313 -1072.2557 -1072.3000 -1072.3660 -1072.4399 -1072.5128 -1072.5774 -1072.6329
-1072.3602 -1072.3132 -1072.2987 -1072.2853 -1072.2815 -1072.2820 -1072.2850 -1072.2697 -1072.2500 -1072.2361 -1072.2415 -1072.2540 -1072.2922 -1072.3556 -1072.4235 -1072.4900 -1072.5529 -1072.6099 -1072.6483 -1072.6948 -1072.7478 -1072.8198 -1072.8929 -1072.9806 -1073.0405 -1073.0952 -1073.1405 -1073.1859 -1073.2339 -1073.2932 -1073.3529 -1073.4205 -1073.5129 -1073.6107 -1073.7068 -1073.8059 -1073.9232 -1074.0345 -1074.1611 -1074.2976 -1074.4169 -1074.5563 -1074.6874 -1074.7850 -1074.8473 -1074.9609 -1075.0648 -1075.1849 -1079.1296 -1079.3302 -1079.5200 -1079.6901 -1079.8733 -1080.0189 -1080.1525 -1080.2709 -1080.3674
-1074.2712 -1074.3988 -1074.5497 -1074.7107 -1074.8331 -1074.9006 -1075.0135 -1075.1052 -1075.2106 -1079.1317 -1079.3268 -1079.5194 -1079.7092 -1079.8867 -1080.0422 -1080.1852 -1080.3115 -1080.4210 -1080.5217 -1080.6350 -1080.7592 -1080.8918 -1081.0244 -1081.1716 -1081.3254 -1081.4829 -1081.6407 -1081.8052 -1081.9645 -1082.1246 -1082.2611 -1082.3843 -1082.4895 -1082.6106 -1082.7965 -1082.9292 -1083.1259 -1083.3333 -1083.5612 -1083.7878 -1083.9601 -1084.0774 -1084.2017 -1084.3116 -1084.3794 -1084.4946 -1084.6285 -1084.7808 -1084.9363 -1085.0704 -1085.1757 -1085.2842 -1085.3964 -1085.5134 -1085.6512 -1085.8291 -1086.0109
-1083.8502 -1084.0127 -1084.1639 -1084.2949 -1084.3898 -1084.4819 -1084.6146 -1084.7633 -1084.9209 -1085.0652 -1085.1912 -1085.2863 -1085.3741 -1085.4677 -1085.5684 -1085.7314 -1085.8771 -1086.0604 -1086.2385 -1086.4048 -1086.5598 -1086.7051 -1086.8522 -1086.9856 -1087.1174 -1087.2577 -1087.3849 -1087.4855 -1087.5723 -1087.6449 -1087.6963 -1087.7469 -1087.8140 -1087.8850 -1087.9507 -1088.0488 -1088.1356 -1088.2258 -1088.3060 -1088.3690 -1088.4155 -1088.4491 -1088.4917 -1088.5338 -1088.5698 -1088.5809 -1088.5665 -1088.5510 -1088.5513 -1088.5551 -1088.5581 -1088.5736 -1088.5712 -1088.5576 -1088.5535 -1088.5890 -1088.6619
-1088.4998 -1088.5416 -1088.5735 -1088.6158 -1088.6530 -1088.6821 -1088.6852 -1088.6663 -1088.6509 -1088.6719 -1088.6758 -1088.6670 -1088.6935 -1088.6971 -1088.6798 -1088.6548 -1088.6665 -1088.7189 -1088.7963 -1088.9104 -1089.0320 -1089.1783 -1089.3977 -1089.7164 -1090.0013 -1090.6423 -1090.4418 -1090.0273 -1089.7552 -1089.2454 -1088.8009 -1088.3958 -1087.8910 -1087.7842 -1087.6831 -1087.5806 -1087.4855 -1087.3983 -1087.2670 -1087.1160 -1086.9623 -1086.8080 -1086.6339 -1086.4679 -1086.2935 -1086.1172 -1085.9292 -1085.7523 -1085.5643 -1085.3888 -1085.2273 -1085.0596 -1084.8676 -1084.6708 -1084.4692 -1084.2628 -1084.0732
-1087.2106 -1087.0681 -1086.9254 -1086.7493 -1086.5740 -1086.3876 -1086.1906 -1085.9967 -1085.8147 -1085.6304 -1085.4672 -1085.3212 -1085.1547 -1084.9694 -1084.7797 -1084.5736 -1084.3553 -1084.1554 -1083.9860 -1083.8409 -1083.7028 -1083.5685 -1083.4297 -1083.2792 -1083.1254 -1082.9608 -1082.8009 -1082.6495 -1082.5045 -1082.3463 -1082.1691 -1082.0464 -1081.9437 -1081.8477 -1081.7681 -1081.6654 -1081.5394 -1081.4076 -1081.2782 -1081.1504 -1081.0491 -1080.9567 -1080.8604 -1080.7627 -1080.6483 -1080.5026 -1080.3438 -1080.2015 -1080.0656 -1079.9427 -1079.8367 -1079.7051 -1079.5713 -1079.4457 -1079.3169 -1079.1699 -1078.9980
-1081.1659 -1081.0396 -1080.9287 -1080.8206 -1080.7216 -1080.6155 -1080.4801 -1080.3309 -1080.1982 -1080.0667 -1079.9429 -1079.8335 -1079.7068 -1079.5798 -1079.4655 -1079.3530 -1079.2256 -1079.0354 -1078.8723 -1078.7015 -1078.5306 -1078.3560 -1078.1876 -1078.0342 -1077.8838 -1077.7351 -1077.5428 -1077.3496 -1077.1464 -1076.9825 -1076.8457 -1076.7385 -1076.6320 -1076.5231 -1076.3990 -1076.2446 -1076.0819 -1075.9130 -1075.7395 -1075.5768 -1075.4136 -1075.2368 -1075.0350 -1074.8362 -1074.6520 -1074.4810 -1074.3296 -1074.1973 -1074.0432 -1073.8799 -1073.7195 -1073.5614 -1073.4042 -1073.2806 -1073.1899 -1073.1066 -1073.0443
-1075.5917 -1075.4368 -1075.2721 -1075.0828 -1074.8755 -1074.6932 -1074.5209 -1074.3693 -1074.2432 -1074.1012 -1073.9447 -1073.7826 -1073.6140 -1073.4551 -1073.3320 -1073.2354 -1073.1489 -1073.0784 -1073.0153 -1072.9478 -1072.8805 -1072.8134 -1072.7317 -1072.6528 -1072.5881 -1072.5408 -1072.5193 -1072.5098 -1072.5083 -1072.5048 -1072.4948 -1072.4519 -1072.4023 -1072.3530 -1072.3126 -1072.3563 -1072.6144 -1072.7527 -1072.8651 -1072.8760 -1072.8979 -1072.8555 -1072.8274 -1072.8307 -1072.8495 -1072.8739 -1072.9213 -1072.9845 -1073.0426 -1073.1124 -1073.1862 -1073.2573 -1073.3309 -1073.4144 -1073.4913 -1073.5825 -1073.6710
-1072.9830 -1072.9703 -1072.9265 -1072.8867 -1072.8799 -1072.8890 -1072.9067 -1072.9470 -1072.9924 -1073.0486 -1073.1086 -1073.1801 -1073.2456 -1073.3140 -1073.3906 -1073.4639 -1073.5526 -1073.6477 -1073.7455 -1073.8334 -1073.9103 -1073.9951 -1074.0776 -1074.2104 -1074.3287 -1074.4585 -1074.5874 -1074.7050 -1074.8427 -1074.9865 -1075.1305 -1079.2605 -1079.4542 -1079.6487 -1079.8461 -1080.0370 -1080.2064 -1080.3754 -1080.5563 -1080.7296 -1080.9070 -1081.0804 -1081.2511 -1081.3994 -1081.5687 -1081.7325 -1081.8899 -1082.0558 -1082.2209 -1082.3965 -1082.5739 -1082.7528 -1082.9042 -1083.0515 -1083.1992 -1083.3557 -1083.5149
-1080.8190 -1080.9830 -1081.1559 -1081.3395 -1081.5050 -1081.6772 -1081.8495 -1082.0083 -1082.1637 -1082.3188 -1082.4999 -1082.6895 -1082.8772 -1083.0447 -1083.1707 -1083.3240 -1083.4565 -1083.5894 -1083.7454 -1083.8940 -1084.0302 -1084.1660 -1084.2917 -1084.4128 -1084.5695 -1084.8179 -1085.0681 -1085.3297 -1085.5718 -1085.7633 -1085.8870 -1085.9733 -1086.0693 -1086.1741 -1086.3678 -1087.0930 -1087.6292 -1088.3342 -1088.5225 -1088.1566 -1087.6864 -1087.3667 -1087.2817 -1087.3369 -1087.4777 -1087.6439 -1087.8391 -1088.0148 -1088.1730 -1088.2988 -1088.4084 -1088.5115 -1088.6036 -1088.6904 -1088.7712 -1088.8928 -1089.0203
-1088.1807 -1087.8422 -1087.4845 -1087.3925 -1087.4390 -1087.5771 -1087.7352 -1087.9301 -1088.1031 -1088.2585 -1088.3800 -1088.4928 -1088.5909 -1088.6796 -1088.7629 -1088.8635 -1088.9971 -1089.1232 -1089.2327 -1089.3341 -1089.4131 -1089.4707 -1089.5099 -1089.5417 -1089.5618 -1089.5709 -1089.5785 -1089.5836 -1089.5874 -1089.5787 -1089.5667 -1089.5331 -1089.5208 -1089.5311 -1089.5566 -1089.5819 -1089.5922 -1089.5641 -1089.5404 -1089.4899 -1089.4274 -1089.3705 -1089.3068 -1089.2439 -1089.2080 -1089.1895 -1089.1781 -1089.1575 -1089.1016 -1089.0330 -1088.9624 -1088.8906 -1088.8311 -1088.7751 -1088.7455 -1088.7241 -1088.6975
-1089.5770 -1089.5228 -1089.4667 -1089.4044 -1089.3300 -1089.2754 -1089.2251 -1089.1774 -1089.1392 -1089.0922 -1089.0438 -1089.0165 -1088.9984 -1088.9863 -1088.9800 -1088.9700 -1088.9579 -1088.9258 -1088.8195 -1088.6785 -1088.5151 -1088.3116 -1088.1028 -1087.9083 -1087.6946 -1087.4180 -1087.0927 -1086.8187 -1086.5725 -1086.5525 -1086.8275 -1087.0454 -1087.2462 -1087.3864 -1087.3790 -1087.4631 -1086.9012 -1086.2324 -1085.6472 -1084.8444 -1084.3792 -1084.1284 -1083.9156 -1083.7251 -1083.5599 -1083.4006 -1083.2402 -1083.0747 -1082.9076 -1082.7706 -1082.6465 -1082.5148 -1082.3673 -1082.2198 -1082.0852 -1081.9601 -1081.8534
