pextant/backend_app/models/tutorial.txt
ncols         295
nrows         256
xllcorner     0
yllcorner     0
cellsize      1.000
NODATA_value  0
[rows 175 to 199 of 222, columns 171 to 227 of 295]
-1088.9592 -1088.8212 -1088.7163 -1088.6521 -1088.6190 -1088.6077 -1088.5682 -1088.5388 -1088.4633 -1088.3813 -1088.2893 -1088.2074 -1088.1539 -1088.1122 -1088.0847 -1088.0480 -1088.0007 -1087.9307 -1087.8503 -1087.7455 -1087.6423 -1087.5441 -1087.4441 -1087.3376 -1087.2411 -1087.1431 -1087.0522 -1086.9641 -1086.8884 -1086.8116 -1086.7357 -1086.6693 -1086.6027 -1086.5219 -1086.4386 -1086.3485 -1086.2554 -1086.1678 -1086.1001 -1086.0298 -1085.9285 -1085.8540 -1085.7617 -1085.6884 -1085.5414 -1085.3951 -1085.2538 -1085.1244 -1084.9973 -1084.8793 -1084.7703 -1084.6556 -1084.5333 -1084.3400 -1084.1666 -1084.0485 -1083.9656
-1085.9733 -1085.8998 -1085.8226 -1085.7146 -1085.5944 -1085.4139 -1085.2489 -1085.0967 -1084.9611 -1084.8518 -1084.7527 -1084.6589 -1084.5504 -1084.4214 -1084.2156 -1084.0469 -1083.9116 -1083.7952 -1083.7164 -1083.6404 -1083.5479 -1083.4620 -1083.3662 -1083.2482 -1083.1097 -1082.9269 -1082.7242 -1082.5198 -1082.3322 -1082.1659 -1082.0132 -1081.8793 -1081.7479 -1081.6184 -1081.4991 -1081.3846 -1081.2650 -1081.1326 -1080.9839 -1080.8291 -1080.6730 -1080.5232 -1080.3773 -1080.2368 -1080.1027 -1079.9968 -1079.9061 -1079.8146 -1079.6387 -1079.4958 -1079.3682 -1079.2046 -1079.0485 -1078.8811 -1078.7241 -1078.5714 -1078.4236
-1080.7676 -1080.6128 -1080.4625 -1080.3207 -1080.1648 -1080.0244 -1079.9215 -1079.8413 -1079.7622 -1079.5934 -1079.4515 -1079.3329 -1079.1597 -1078.9792 -1078.7930 -1078.6353 -1078.4847 -1078.3385 -1078.1941 -1078.0320 -1077.8265 -1077.6040 -1077.4365 -1077.2706 -1077.1292 -1077.0151 -1076.9066 -1076.7754 -1076.6390 -1076.5277 -1076.4294 -1076.3439 -1076.2368 -1076.1183 -1075.9918 -1075.8353 -1075.6846 -1075.5293 -1075.3926 -1075.2673 -1075.1387 -1075.0054 -1074.8844 -1074.7599 -1074.6439 -1074.5521 -1074.4722 -1074.4178 -1074.3888 -1074.3813 -1074.3934 -1074.4291 -1074.4878 -1074.6080 -1074.7733 -1074.9460 -1075.1350
-1075.2100 -1075.0812 -1074.9528 -1074.8303 -1074.7084 -1074.5948 -1074.5021 -1074.4244 -1074.3716 -1074.3445 -1074.3398 -1074.3597 -1074.4038 -1074.4662 -1074.5740 -1074.7075 -1074.8523 -1075.0406 -1075.2334 -1075.4292 -1075.6611 -1075.8843 -1076.1166 -1076.3459 -1076.5986 -1076.8146 -1077.0436 -1077.2533 -1077.4377 -1077.5864 -1077.7344 -1077.8232 -1077.8743 -1077.8073 -1077.6222 -1077.3737 -1077.0548 -1076.6205 -1076.1576 -1075.6729 -1075.2710 -1074.8700 -1074.4974 -1074.1227 -1073.7515 -1073.4048 -1073.0568 -1072.7080 -1072.3866 -1072.0762 -1071.7898 -1071.5333 -1071.2861 -1071.1008 -1070.9598 -1079.1041 -1079.4296
-1075.5200 -1075.1147 -1074.7256 -1074.3613 -1074.0184 -1073.6722 -1073.3307 -1072.9795 -1072.6198 -1072.2976 -1071.9905 -1071.7119 -1071.4647 -1071.2311 -1071.0596 -1070.9240 -1079.0315 -1079.3416 -1079.6478 -1079.9501 -1080.2212 -1080.4775 -1080.7186 -1080.9681 -1081.2000 -1081.4136 -1081.6097 -1081.7830 -1081.9089 -1082.0566 -1082.2251 -1082.4209 -1082.6149 -1082.8020 -1082.9171 -1083.0609 -1083.1981 -1083.3453 -1083.4767 -1083.5851 -1083.7115 -1083.8627 -1084.0223 -1084.1820 -1084.3441 -1084.5039 -1084.6823 -1084.8585 -1085.0266 -1085.2039 -1085.3784 -1085.5414 -1085.6998 -1085.8562 -1085.9958 -1086.1180 -1086.2263
-1083.4200 -1083.5347 -1083.6709 -1083.8224 -1083.9930 -1084.1700 -1084.3391 -1084.5294 -1084.7111 -1084.8843 -1085.0593 -1085.2311 -1085.3948 -1085.5544 -1085.7064 -1085.8414 -1085.9620 -1086.0767 -1086.1816 -1086.2903 -1086.3929 -1086.5120 -1086.6263 -1086.7460 -1086.8474 -1086.9668 -1087.0973 -1087.2688 -1087.4340 -1087.6082 -1087.7455 -1087.8611 -1087.9607 -1088.0626 -1088.1511 -1088.2156 -1088.2682 -1088.3190 -1088.3716 -1088.4225 -1088.4650 -1088.4764 -1088.4780 -1088.4812 -1088.4786 -1088.4618 -1088.4685 -1088.4795 -1088.4918 -1088.5166 -1088.5341 -1088.5210 -1088.5249 -1088.4960 -1088.4447 -1088.3807 -1088.3040
-1088.2635 -1088.3129 -1088.3341 -1088.3365 -1088.3334 -1088.3202 -1088.2885 -1088.2717 -1088.2584 -1088.2545 -1088.2728 -1088.2914 -1088.2640 -1088.2900 -1088.2675 -1088.2206 -1088.1704 -1088.1073 -1088.0548 -1087.9941 -1087.9359 -1087.8882 -1087.8408 -1087.8035 -1087.7625 -1087.7361 -1087.7189 -1087.7119 -1087.7164 -1087.7346 -1087.7599 -1087.7925 -1087.8295 -1087.8688 -1087.8950 -1087.9159 -1087.8932 -1087.8418 -1087.7706 -1087.6890 -1087.5840 -1087.4429 -1087.2947 -1087.1431 -1086.9779 -1086.8052 -1086.6603 -1086.5299 -1086.4132 -1086.2966 -1086.2072 -1086.1127 -1086.0272 -1085.9285 -1085.8469 -1085.7463 -1085.6571
-1087.6687 -1087.5524 -1087.3994 -1087.2432 -1087.0870 -1086.9080 -1086.7214 -1086.5697 -1086.4257 -1086.2968 -1086.1823 -1086.0925 -1086.0029 -1085.9222 -1085.8210 -1085.7419 -1085.6401 -1085.5475 -1085.4424 -1085.3290 -1085.2098 -1085.1182 -1085.0476 -1084.9764 -1084.8994 -1084.8307 -1084.7299 -1084.6194 -1084.5122 -1084.4132 -1084.3097 -1084.1707 -1084.0127 -1083.8534 -1083.7197 -1083.5814 -1083.4391 -1083.3124 -1083.1906 -1083.0667 -1082.9348 -1082.8135 -1082.6584 -1082.5038 -1082.3312 -1082.1515 -1081.9922 -1081.8641 -1081.7517 -1081.6445 -1081.5193 -1081.3700 -1081.2281 -1081.0947 -1080.9700 -1080.8506 -1080.7329
-1082.9675 -1082.8273 -1082.6964 -1082.5334 -1082.3700 -1082.1953 -1082.0253 -1081.8835 -1081.7720 -1081.6774 -1081.5811 -1081.4590 -1081.3091 -1081.1658 -1081.0242 -1080.8906 -1080.7660 -1080.6410 -1080.5228 -1080.4189 -1080.3157 -1080.2103 -1080.1075 -1079.9841 -1079.8369 -1079.6884 -1079.5469 -1079.4178 -1079.3098 -1079.2124 -1079.0925 -1078.9323 -1078.7742 -1078.6290 -1078.4860 -1078.3555 -1078.2164 -1078.0638 -1077.9108 -1077.7766 -1077.6620 -1077.5642 -1077.4774 -1077.4016 -1077.3176 -1077.2046 -1077.0509 -1076.8890 -1076.7208 -1076.5537 -1076.4218 -1076.2932 -1076.1771 -1076.0675 -1075.9677 -1075.8325 -1075.6776
-1077.7427 -1077.6219 -1077.5272 -1077.4626 -1077.4122 -1077.3567 -1077.2637 -1077.0928 -1076.9169 -1076.7310 -1076.5386 -1076.3853 -1076.2510 -1076.1300 -1076.0189 -1075.9172 -1075.7867 -1075.6456 -1075.5012 -1075.3595 -1075.2153 -1075.1033 -1074.9966 -1074.8815 -1074.7566 -1074.6288 -1074.5112 -1074.3846 -1074.2792 -1074.2014 -1074.1453 -1074.0985 -1074.0449 -1074.0023 -1073.9631 -1073.9584 -1073.9752 -1074.0172 -1074.0840 -1074.1813 -1074.2881 -1074.4131 -1074.5673 -1074.7267 -1074.8829 -1075.0372 -1075.2256 -1075.3794 -1075.5375 -1075.6670 -1075.7450 -1075.7734 -1075.7921 -1075.7789 -1075.7263 -1075.6613 -1075.5286
-1074.0393 -1074.1241 -1074.2235 -1074.3477 -1074.4760 -1074.6064 -1074.7476 -1074.9153 -1075.0690 -1075.2253 -1075.3408 -1075.4031 -1075.4174 -1075.4122 -1075.3622 -1075.3086 -1075.2543 -1075.1202 -1074.8776 -1074.5348 -1074.2242 -1073.8918 -1073.5494 -1073.3326 -1073.1635 -1073.0017 -1072.7836 -1072.5358 -1072.2753 -1072.0129 -1071.7484 -1071.5221 -1071.3148 -1071.1398 -1070.9954 -1070.8778 -1070.8097 -1070.7915 -1078.8885 -1079.1079 -1079.3457 -1079.5820 -1079.8042 -1080.0166 -1080.2208 -1080.4177 -1080.6166 -1080.7970 -1080.9789 -1081.1390 -1081.2854 -1081.4149 -1081.5288 -1081.6150 -1081.6913 -1081.7609 -1081.8340
-1079.1033 -1079.3149 -1079.5427 -1079.7633 -1079.9788 -1080.1887 -1080.3883 -1080.5759 -1080.7467 -1080.9174 -1081.0647 -1081.2013 -1081.3225 -1081.4384 -1081.5271 -1081.6116 -1081.6827 -1081.7489 -1081.8204 -1081.9283 -1082.0735 -1082.2175 -1082.3668 -1082.5101 -1082.6538 -1082.8503 -1083.0436 -1083.2257 -1083.4128 -1083.5940 -1083.7529 -1083.9324 -1084.1204 -1084.2849 -1084.4268 -1084.5640 -1084.6881 -1084.7958 -1084.8959 -1084.9845 -1085.0751 -1085.1890 -1085.3019 -1085.3982 -1085.4906 -1085.5835 -1085.6562 -1085.7396 -1085.8367 -1085.9559 -1086.0927 -1086.2380 -1086.3701 -1086.5074 -1086.6256 -1086.7233 -1086.7950
-1084.8706 -1084.9368 -1085.0209 -1085.1250 -1085.2209 -1085.3174 -1085.4165 -1085.4971 -1085.5779 -1085.6650 -1085.7616 -1085.8787 -1086.0183 -1086.1626 -1086.3163 -1086.4606 -1086.5748 -1086.6602 -1086.7130 -1086.7319 -1086.7363 -1086.7410 -1086.7767 -1086.8400 -1086.9132 -1086.9601 -1086.9856 -1086.9952 -1087.0116 -1087.0215 -1087.0077 -1087.0220 -1087.0227 -1087.0096 -1087.0055 -1086.9808 -1086.9498 -1086.9263 -1086.8997 -1086.8629 -1086.8373 -1086.8206 -1086.7987 -1086.7947 -1086.8008 -1086.8113 -1086.8217 -1086.8408 -1086.8416 -1086.8436 -1086.8855 -1086.9521 -1087.0372 -1087.0911 -1087.1543 -1087.1969 -1087.2306
-1086.6802 -1086.6642 -1086.6582 -1086.6382 -1086.6403 -1086.6484 -1086.6580 -1086.6642 -1086.6709 -1086.6820 -1086.6829 -1086.7258 -1086.7937 -1086.8785 -1086.9238 -1086.9629 -1086.9888 -1087.0034 -1087.0184 -1087.0106 -1086.9713 -1086.8795 -1086.7605 -1086.6151 -1086.4480 -1086.2841 -1086.1307 -1085.9890 -1085.8400 -1085.6986 -1085.5621 -1085.4434 -1085.3104 -1085.1906 -1085.0795 -1084.9553 -1084.8271 -1084.7205 -1084.6194 -1084.5277 -1084.4337 -1084.3562 -1084.2758 -1084.1832 -1084.0715 -1084.0096 -1083.9419 -1083.8861 -1083.7526 -1083.5963 -1083.4358 -1083.2832 -1083.1572 -1083.0486 -1082.9220 -1082.8029 -1082.7112
-1084.3895 -1084.3075 -1084.2205 -1084.1301 -1084.0380 -1083.9369 -1083.8760 -1083.8164 -1083.7651 -1083.6078 -1083.4484 -1083.2747 -1083.1134 -1082.9742 -1082.8624 -1082.7227 -1082.6068 -1082.5222 -1082.4418 -1082.3717 -1082.3105 -1082.2135 -1082.1364 -1082.0079 -1081.8878 -1081.7621 -1081.6399 -1081.4846 -1081.3390 -1081.1791 -1081.0269 -1080.8370 -1080.7406 -1080.6414 -1080.5310 -1080.4135 -1080.2993 -1080.1748 -1080.0371 -1079.9219 -1079.8203 -1079.7188 -1079.6124 -1079.4941 -1079.3710 -1079.2590 -1079.1547 -1079.0560 -1078.9584 -1078.8530 -1078.7089 -1078.6062 -1078.4650 -1078.3328 -1078.1907 -1078.0663 -1077.9573
-1079.7753 -1079.6731 -1079.5682 -1079.4723 -1079.3674 -1079.2534 -1079.1537 -1079.0481 -1078.9507 -1078.8550 -1078.7460 -1078.6118 -1078.4916 -1078.3558 -1078.2279 -1078.1006 -1077.9811 -1077.8784 -1077.7882 -1077.6854 -1077.5977 -1077.4893 -1077.3906 -1077.2684 -1077.1473 -1077.0259 -1076.9210 -1076.8130 -1076.7054 -1076.6088 -1076.4872 -1076.3531 -1076.1572 -1075.9578 -1075.8251 -1075.7013 -1075.6250 -1075.4860 -1075.3785 -1075.2280 -1075.0404 -1074.9041 -1074.8142 -1074.7084 -1074.6088 -1074.4952 -1074.3866 -1074.2786 -1074.1516 -1074.0483 -1073.9581 -1073.8707 -1073.7747 -1073.6962 -1073.6002 -1073.5127 -1073.4294
-1075.1855 -1075.0103 -1074.8812 -1074.7745 -1074.6759 -1074.5681 -1074.4530 -1074.3417 -1074.2318 -1074.1097 -1073.9982 -1073.8979 -1073.8024 -1073.7106 -1073.6266 -1073.5323 -1073.4473 -1073.3593 -1073.2921 -1073.2408 -1073.2074 -1073.1808 -1073.1716 -1073.1713 -1073.1727 -1073.1809 -1073.1963 -1073.2109 -1073.2162 -1073.2179 -1073.2228 -1073.2408 -1073.2667 -1073.2744 -1073.2485 -1073.1545 -1073.0314 -1072.8967 -1072.7452 -1072.6075 -1072.4757 -1072.3529 -1072.2363 -1072.1241 -1071.9896 -1071.8427 -1071.6842 -1071.5269 -1071.3849 -1071.2667 -1071.1678 -1071.0596 -1070.9612 -1070.8795 -1070.8499 -1070.8452 -1070.8774
-1072.4104 -1072.2742 -1072.1378 -1072.0032 -1071.8798 -1071.7494 -1071.6141 -1071.4886 -1071.3732 -1071.2699 -1071.1819 -1071.1000 -1071.0071 -1070.9261 -1070.8804 -1070.8721 -1070.8842 -1070.9272 -1071.0126 -1071.1278 -1071.2239 -1078.8871 -1079.1006 -1079.3082 -1079.5083 -1079.6984 -1079.8634 -1080.0417 -1080.2318 -1080.4209 -1080.5840 -1080.6827 -1080.7980 -1080.8744 -1080.9459 -1081.0099 -1081.0902 -1081.1754 -1081.2487 -1081.3192 -1081.3947 -1081.5017 -1081.6091 -1081.7274 -1081.8490 -1081.9810 -1082.1036 -1082.2031 -1082.2974 -1082.3989 -1082.5566 -1082.7339 -1082.8954 -1083.0707 -1083.2579 -1083.4420 -1083.6042
-1081.2701 -1081.3523 -1081.4333 -1081.5394 -1081.6520 -1081.7754 -1081.9073 -1082.0298 -1082.1278 -1082.2194 -1082.3197 -1082.4779 -1082.6495 -1082.8088 -1082.9695 -1083.1298 -1083.2925 -1083.4319 -1083.5862 -1083.7235 -1083.8457 -1083.9683 -1084.0712 -1084.1531 -1084.2098 -1084.2651 -1084.3783 -1084.4563 -1084.5505 -1084.6810 -1084.7872 -1084.8805 -1084.9564 -1085.0221 -1085.0978 -1085.1793 -1085.2650 -1085.3307 -1085.3933 -1085.4474 -1085.4906 -1085.5221 -1085.5332 -1085.5408 -1085.5508 -1085.5555 -1085.5671 -1085.5658 -1085.5687 -1085.5739 -1085.6108 -1085.6678 -1085.6942 -1085.7113 -1085.7228 -1085.7028 -1085.6750
-1085.2655 -1085.2987 -1085.3191 -1085.3296 -1085.3319 -1085.3320 -1085.3370 -1085.3497 -1085.3556 -1085.3612 -1085.3636 -1085.3816 -1085.4143 -1085.4326 -1085.4633 -1085.4928 -1085.4763 -1085.4578 -1085.4634 -1085.4783 -1085.5002 -1085.5155 -1085.5293 -1085.5288 -1085.5197 -1085.5068 -1085.4818 -1085.4471 -1085.3895 -1085.3263 -1085.2594 -1085.2145 -1085.1886 -1085.1829 -1085.1519 -1085.1199 -1085.0963 -1085.1207 -1085.1218 -1085.1001 -1085.0939 -1085.0752 -1085.0347 -1084.9650 -1084.9097 -1084.8651 -1084.8289 -1084.7716 -1084.7041 -1084.6299 -1084.5660 -1084.5096 -1084.4659 -1084.4288 -1084.4015 -1084.3719 -1084.3176
-1084.8173 -1084.8156 -1084.8101 -1084.7748 -1084.7205 -1084.6620 -1084.6072 -1084.5643 -1084.5074 -1084.4548 -1084.3939 -1084.3585 -1084.3347 -1084.3263 -1084.3124 -1084.2924 -1084.2599 -1084.1929 -1084.0541 -1083.9100 -1083.7651 -1083.5897 -1083.4257 -1083.2755 -1083.1205 -1082.9886 -1082.8735 -1082.7552 -1082.6301 -1082.4475 -1082.2382 -1082.0447 -1081.9303 -1081.8224 -1081.7207 -1081.6217 -1081.5237 -1081.4113 -1081.3252 -1081.2524 -1081.2086 -1081.1542 -1081.1182 -1081.0583 -1080.9745 -1080.8861 -1080.8013 -1080.6824 -1080.5897 -1080.4501 -1080.3243 -1080.1958 -1080.0850 -1079.9894 -1079.8536 -1079.7281 -1079.6002
-1081.0765 -1081.0043 -1080.9659 -1080.9473 -1080.9076 -1080.8318 -1080.7412 -1080.6538 -1080.5488 -1080.4360 -1080.3145 -1080.2072 -1080.1010 -1080.0026 -1079.8763 -1079.7578 -1079.6168 -1079.4713 -1079.3444 -1079.2585 -1079.1736 -1079.0879 -1078.9980 -1078.9177 -1078.8154 -1078.7004 -1078.5682 -1078.4227 -1078.2715 -1078.1196 -1077.9655 -1077.8163 -1077.6866 -1077.5841 -1077.5134 -1077.4456 -1077.3844 -1077.3188 -1077.2434 -1077.1677 -1077.0750 -1076.9515 -1076.8344 -1076.7371 -1076.6367 -1076.5493 -1076.4648 -1076.3824 -1076.3042 -1076.1864 -1076.0688 -1075.9514 -1075.8678 -1075.7786 -1075.7230 -1075.6620 -1075.5685
-1077.0812 -1076.9899 -1076.8799 -1076.7681 -1076.6497 -1076.5437 -1076.4541 -1076.3790 -1076.2877 -1076.2003 -1076.0779 -1075.9441 -1075.8334 -1075.7280 -1075.6486 -1075.6158 -1075.5895 -1075.5122 -1075.3876 -1075.2534 -1075.0977 -1074.9437 -1074.7759 -1074.6364 -1074.5291 -1074.4210 -1074.3302 -1074.2258 -1074.1444 -1074.0735 -1074.0013 -1073.9242 -1073.8370 -1073.7491 -1073.6810 -1073.6182 -1073.5734 -1073.4773 -1073.3800 -1073.2876 -1073.2043 -1073.1189 -1073.0380 -1072.9432 -1072.8402 -1072.7365 -1072.6300 -1072.5347 -1072.4535 -1072.3871 -1072.3105 -1072.2091 -1072.1115 -1072.0139 -1071.9337 -1071.8589 -1071.7863
-1073.2648 -1073.1923 -1073.1316 -1073.0736 -1072.9673 -1072.8661 -1072.7701 -1072.6329 -1072.5077 -1072.4041 -1072.3284 -1072.2563 -1072.1638 -1072.0731 -1071.9854 -1071.9003 -1071.8210 -1071.7520 -1071.6619 -1071.5730 -1071.4952 -1071.4269 -1071.3674 -1071.3264 -1071.3068 -1071.2922 -1071.2823 -1071.2815 -1071.2781 -1071.2714 -1071.2582 -1071.2373 -1071.2137 -1071.1980 -1071.1937 -1071.2100 -1071.1943 -1071.2146 -1071.2437 -1071.2815 -1071.3401 -1071.4115 -1071.4805 -1078.6838 -1078.8284 -1078.9688 -1079.1029 -1079.2263 -1079.3464 -1079.4600 -1079.5826 -1079.7117 -1079.8688 -1080.0834 -1080.2573 -1080.4459 -1080.5963
-1071.3116 -1071.3624 -1071.4194 -1071.4750 -1078.6473 -1078.7942 -1078.9355 -1079.0760 -1079.2008 -1079.3187 -1079.4257 -1079.5443 -1079.6672 -1079.8188 -1080.0256 -1080.2079 -1080.3907 -1080.5182 -1080.6798 -1080.7817 -1080.9130 -1081.0490 -1081.1603 -1081.2573 -1081.3400 -1081.3951 -1081.4849 -1081.5726 -1081.6464 -1081.7174 -1081.7914 -1081.8448 -1081.9265 -1082.0264 -1082.1351 -1082.2319 -1082.3347 -1082.4408 -1082.5426 -1082.6458 -1082.7560 -1082.8584 -1082.9337 -1082.9954 -1083.0712 -1083.1791 -1083.3446 -1083.5258 -1083.6923 -1083.7419 -1083.8275 -1083.8960 -1083.9819 -1084.0070 -1084.0432 -1084.0831 -1084.1292
